130: 4, 9, 19, 54, 93, 103, 114
131: 42, 75
132: 6, 22, 31, 62, 109
133: 10, 53, 83, 86, 104, 111
134: 13, 48, 81, 129
135: 14, 15, 108, 117, 119
136: 40, 60, 67, 102, 128
137: 5, 47, 57, 65, 74
138: 52, 72, 88
139: 25, 36, 41, 61, 91
140: 51, 70, 96
141: 20, 21, 23, 68, 106, 122
142: 59, 116
143: 16, 38, 63, 85, 92, 123
144: 1, 2, 7, 11, 12, 27, 50, 125
145: 34, 58
146: 64, 82, 87, 118
147: 8, 18, 30, 44, 56, 66, 77, 100, 120
148: 24, 26, 28, 76, 78, 124
149: 35, 37, 79, 90, 94, 97
150: 46, 98, 105
151: 49, 95
152: 80, 89, 101, 126
153: 33, 39, 45, 107, 121, 127
154: 3, 17, 55, 99, 112, 113
155: 32, 73, 110, 115
156: 29, 43, 69, 71, 84
157: 133, 134, 135, 141, 144, 149
158: 151
159: 140, 143, 153
160: 130, 132, 138, 145, 148, 150
161: 136, 137
162: 139, 146, 147, 152
163: 142, 154
164: 156
165: 131, 155
166: 164, 165
167: 161, 162
168: 157, 158, 159, 160, 163
